93314579924393984
94884467910512640
93141776474456064
91707256726499328
92955019615272961
102380900473507840
93404134618841088
102312601190539265
99288973943390209
102125361248215040
101574290444521472
100658108661112832
72058654651711488
100977986563604480
95953148530790400
91927932758540291
96222040377393152
102000318501490688
92681654858035201
92401321323409409
95969501367111680
92579651679039488
102065579078332417
92481778706690048
92237433697091584
97408964903448576
98431701365178369
93344390839410689
101419346307461120
100152860288880640
93455340603064320
92625159864856577
93548445998129152
92643760508387328
93500846666551296
100571949746495488
96985217134366720
93899167105167360
100712904470429696
94404324922363904
98888035881586691
96004045017321473
95103154651275264
91853498135752704
100689319639007232
93484337873420288
100992810420936704
93745589786902528
99611423281393664
96548633469652992
97665015968047104
101588676915625984
100901337633521664
93708758311632896
91952178360631296
95533101521977344
92110996134576128
91840950862741504
92744177418379265
94500411716808705
100671608204701696
98181224346034176
93923166950395904
93002028334317568
93672807057203201
99670130161745920
94462178547077123
99147499725529088
101478195630587904
98291102519537664
96665996416397313
95906498089189376
94441788412133377
95434223678263297
93154993573593088
92043992925077505
92266760765583360
97458359346806784
95289511801663488
92691023037349889
103209376944357376
92665161021788160
98037368111640576
101029769130414081
100998100411363329
100653917553164288
93429476393893888
101573195743764482
94409462944768000
99659141890576384
93348468701151232
92817093799587841
94575922270838784
91655593139511296
92275090007404544
94709694458900480
99029732041031680
99287434281484288
92689105703550976
97376969657823233
92006871375945728
92884204265811970
101371988911726592
102865437901070336
93273993544597504
92968056053186562
93443989793030144
92446791315890176
94899543874867200
93490469958467584
94518623552552961
102411827916455936
92713454162554880
92284144960286721
95269953741144066
96956789559537665
99556024939331584
93324903985577984
92294980080644096
100529934270873600
92712259708665856
91998635692261376
99653392141533184
96211977642315776
100998532747640832
93080394370519040
96427426464284673
96836366918352896
97819281215074304
95396113888194560
96651234517323776
96564181729423360
94029148615483393
92297618285273088
91708290513383425
92435485066145792
99641382926434304
95438229242773504
92624675829596160
93538364686483456
93905391481651200
94813064473481216
93731915043049473
93031292421144576
93211671123861504
92540726604349440
102087976670076928
92928036990746625
93783806972149761
100925943694110720
91904310308384770
96228351936692224
92990179672985600
94810322493390848
93318722109964288
99087290470629376
100732225204654080
94811433027633152
93305039787012096
93020527530221568
94563016393232384
93497872150036481
98054026175848448
93041278475972608
92504145797451777
93084582966079488
91835092061794304
92099152187633664
91676265702100992
94809680999759872
93639890465595392
93388656202620928
92680294544588800
92945537803886592
93326271056060418
98029817156468736
97311289960968192
97826342103564289
99252118250201089
100978397903192064
94137640999325696
94013224856453120
101808467257470976
92952817727324160
92574271288778752
100951827431948288
93681637950365696
98174256785010688
100709634683305985
94135082436132864
93188706533515264
97339570164731904
101739359849562112
94070517031636997
97096475271634944
91796115715919873
94712231622746112
91803825563910144
97722436182749184
92931106382413824
100903217851928576
97292216472580096
93772486549848064
94859886923481088
92981004804960256
92668398948978688
92755669811339264
101571060847230976
101032158956761088
92768228354424832
93322827813494785
93398463697526784
94558606829166595
94453092074008577
101056007421173760
91769916096643072
92206704678285312
96190924983508992
96953957791956992
92828887821717504
101874095125307393
92975510937800704
94183808546516992
98176727284592640
92647293202857984
93018627565027329
91779272523517953
92594537654009856
101668632941178880
100659567297445888
95182527685337089
92683945992392704
92705594049441793
92019191024066560
101080446888181760
92239380411981825
94398791322578944
93999585655140352
98694351315664896
91676190217220096
91845119975759872
101037747019587584
92468980765306881
94526163174690817
91946592923430912
95177954954448896
93435019728650240
92577654489886720
93374198965219330
102732362944749568
92876105060581376
99480036737957888
93170883702685696
91628739892490240
93942339093004288
101736175064190976
98501375574544385
94429050306707456
98052883123146752
100947346967367680
94808210258669568
92829473745014784
94934958866579456
92331525051400195
91928845980143616
92691491260084224
94807440419332097
93071805631303680
99594637676789760
92628263700148224
91989088462307329
103226937052381184
92670268052484096
97969923694931968
93246093017620480
97462622781321216
93246986748301312
99121683209785344
92246588633780226
93349268135481344
102041024507031555
92240386990407680
91970961699647488
92380102771474432
92773735211335680
98932393993449472
91839109567488000
93093466476773377
92803031367819264
93368936996933632
98371205341515776
92487204324126720
97853032653529089
92720622232276992
99661771735969792
95815783678087169
91908013434216448
92361086627622912
100338505523281920
92675273430024192
99129277999611906
96024488075997184
102744094140411904
93202345378332673
93485185114443777
97668537476317184
93725261312438272
93036974818074624
93032242238062592
96113851828940800
93152330396082176
92323388076470274
92348579057909760
94376906727763968
92693524981616640
101734277972107264
92891661000130561
91845690656960512
102668987531395072
101721820142637057
93334427844878336
93363101503729664
99117434937679872
92588165663162369
91914130545573888
97028520554938368
97939393377075200
99144320430518274
103170022179999745
93038068117942272
91999267694194688
92282588458258432
101643392131403776
96185595470159873
102580796497461248
103212458935726080
96945755121659904
100581944642904064
91991519430582272
93239357858791425
92203555385131008
94365640856580097
100994783358631936
93691914536239104
96473651876077568
96979327224266752
97733882346078208
92054549212299265
93015347564777472
93745034825961472
97476522566361089
93411920736034816
93352717229109248
92638811993030656
101757466324385792
93151121543135232
93031684374667264
93617326653587456
102124541182091264
100553819494158337
99510126662254594
100686707728453632
92630700901138432
93389798248681472
102068034964946945
100687447985364992
96258902395584512
95724083647488000
100980416290373632
91962882371235840
92296187314581504
95489083136155649
96402182710104065
93274772011626496
93146504931442688
100912986448863232
93321380757639169
93598767844032512
96651090807894017
100672810757783552
102086288940863488
92033712904093696
93670144651427841
97004151946481664
93568254626369536
100714522351906817
100717045175418881
93265655243096064
94619773723357186
91915890144186368
92706091976237056
92224552599429120
96677269535334400
102558727151960064
94523757728776192
100733236031913984
94138194685210624
92705848836628480
99760962835460096
98173600703582208
93710611619393537
103139143063842816
91871635388375040
91937809920823296
93103314736132096
102314342346788865
101432724321091584
93050424524935168
93143598341685248
94386507481219072
93356496913567744
101940709053042688
94153790718099456
91858594844246016
101392563843502082
102784970023641089
92247182312349696
92075215315681281
100660375749529600
93742631238111232
96178288992587776
93826957975883776
98025480908849153
93967144450138112
93081565348892672
100644788671488000
93695066069151744
92333694446084096
94867896928448513
92245339104481281
101058689523400704
93334286316478464
92168102359474176
100654462988849152
100704090522271744
98919027602231296
99171192048599040
100342613860818944
98107329765056512
96542543348637697
93023640379076609
102620482892869633
93330419516313600
93511911219535872
92969106881515520
95962079915290624
94930009613017089
93445783814291456
94480845791956993
92643959591022592
96585350411071489
97732251214823424
92989573579288576
96191043862663169
91928522565754880
96782542702780416
91733741646516224
100960424735940608
92166818927620096
98743218979618817
94198829171216384
93660551019905025
94156730929381376
92627625608097795
96276255372091392
101975001678364672
100860202164830208
93459204706275329
92209240676110336
96569948897427456
93052450197606400
92732661361152000
100933019145207808
93634518149365760
100623454981722112
102862579310936064
93166585153454081
100736523179274240
94556024995975169
100620752272900097
95895148315164673
92663918589259776
92488433934680064
94818150943686657
102875807608881152
96309990792507392
95660302888214529
100375503868923904
94812166439452672
101152953116803072
91887708938579968
96565555221368832
100644104689557505
96250830499479552
102759881064460288
94767948295700480
101933443201511424
98101823776374784
96203693912891394
100130942361939968
100202414153539585
97500470293168128
92974406980210688
92229656115286016
91966296882810880
95637005131722752
93017474072715264
101815114281385984
91693727273328641
97462635209031680
92860837802414081
93477094557876224
91814689134219264
100913412317523969
94421647397888000
103225732452454400
92406762476535808
98298979716055040
95430079714299904
101044028170174466
93750712361689088
93440864361263105
92105762414927872
97379561582497792
92406036845166594
102532528845492224
100325515235303424
100227045275082752
101038340438114304
101491826229395456
92313714224668672
101020620464197632
93461072069140480
98039628522725378
93321511091445760
92068856931155968
102371087672807425
98069781692940288
100864013872803841
93377441845874688
96657103237816320
93405257639526400
93317692710338560
93477874656489472
92749453886373888
100719104977154048
101020302405931008
101330147394850816
102568154164768768
102844692646993921
93005124485652481
99852692247166976
101756407149375489
93755926498127872
92463363644334080
94319469920403456
96988012839317504
93060072762118144
93006349599907840
94103364815699969
94441232654278656
93286216094580736
100793214600085504
3543845320
93346617897390082
92789379453566976
93063371515105280
91970435507421184
103073204700053505
93316633199775744
96966781851271169
99273520994992130
97017783145070592
91961808604237824
97476128305979392
93476427013423104
92907150279589888
92916991156957184
95317687516934144
93168725246746624
100900499162808321
93412095177146369
93448491019411456
93372288518459393
94209038987952128
93709249020039168
94452083499081728
99618926908018689
99885981905321985
94247453636829184
95906544255897600
92699088658767872
93378151698272256
99598183302299648
92542317491273729
93755599896064001
92276158808334336
91812471555362816
98017799158497280
93734422158913536
94440137878020096
92433257878134784
92812416949297152
97296020681142272
92712188497768449
93165074721677312
100625708447043585
102568383198937088
94823264559431683
96227712355667969
93046116983123968
92508560365334528
91946438266851329
98094167196049409
100955195776827392
92881941317165056
94811243692568577
98048170008903681
88416243299786752
97569036308709376
99672140021903360
93335385572257792
99200989688643584
97867813376622592
92666511990341633
102266212200890368
93165092149006336
94811470172393472
100678378755067904
93402528036827137
102041478183927808
101007518347694080
92283176067661824
96587380278050816
95132090957447168
94137483159281664
93024530745921536
98182828684087296
95056222239211520
96145938346811393
93464745524465664
97345214657732608
95922572083990528
92201997121499136
92699366166503424
98530236588761088
100690934215344129
92378631279611904
93009463564447745
99810287129067521
92742671491284992
91683689796354048
102073483936268288
93737472516829184
93330084408201216
92289190707990528
93654618210443264
91986216400076800
94179121093017600
91714818343583744
98838837832327168
93499783599235072
102660518929637377
102350153272401920
101414384043175937
95802517128089601
92787340803715072
99204286419968000
94259157615648770
93648865886089216
101495953428717569
94457834649034754
101748047888920577
92688744313929728
102856587256926208
93392986490155009
95222918291783680
101186888085413889
92683638923210752
103069454442823681
99195943936724992
102581530127376384
102784871444918273
92683762680344576
92861039120625664
101983612601237505
96931007181225986
96064326309384192
93048284138057729
95645142622539776
91666751665868800
93214187051958273
96984948635992065
92647901381136384
91872307479449600
100832401193844736
94764774340046849
93011237734055936
101235330262372352
92020245019099136
92489713902039040
93055040520069120
91944850680844288
93086151035994113
93364673793110020
91876443038027776
92284091642294272
96404114954661888
92353415123968000
92088579400011776
102747877671047168
92624967635705856
93419359736832000
95990282411180033
93592366388224000
101867891749683200
92703274603528192
93350745100922880
92267949112561664
92710465171505153
91811406156017664
93158117478645761
93717377883189248
92979130907377664
94524421292834816
92074318242127872
93203339000561664
100966801382440960
93512635420647425
95300837726887936
94303538561290240
98518238442434560
94079773847986177
103196131361697792
92077173778825216
99538840863252480
92701930975010816
97963233780056064
93505979316060160
92497498207297536
94810268923736064
94586978460385281
94815768675487745
91974853590126592
100939109257842689
92934213975805952
94759766982799360
92866765834567680
91812021514932225
97352404718194688
93147699544723457
97759293780144128
98497382597148672
91804404180725760
97822384853233665
92205398123216896
93483825652449280
93289285981175808
97074481746550785
93786420036108288
93629100102660096
103127655129427968
96879263122337792
100766029856260097
96924850878287872
96688125719486464
92519151947624448
100871916511969280
92673205621370880
91681462000164864
101371723798151169
96255867585966080
94537519206637569
92291532354355200
101300660988936193
93324115456434176
98094627499941888
91578861036380160
97995265683886081
101013010050592768
96455331181375488
93535374181269504
94194936869683200
95127529593122816
94633563730874368
103041969965645824
93105665089867776
92607649736167424
93550314287931392
99226394587971585
100644516125622272
92969134756859906
93452805095960576
103165156539904000
100866205610553344
92350554352783361
92236628923392000
97829869311901696
93322219631026176
93372491627642880
93030932201734144
95489982260723712
91652237725663232
101024829385347073
100731015894540288
97325208838471680
96252784025931776
99523095437651968
98182476941373440
101557840388440064
91987850437988352
92740682158047232
101351686358048768
92671586628407296
96039621137399809
98034371264655360
102923598414622720
93009815311364096
93699434617118721
92274776369926144
97815160516919296
100914329276256257
100685777289224192
93661388681125888
91810529621966848
98027157300854784
99686731250532352
92145076297404416
101654556852748288
100724230852845568
94481646916603904
94063258499153920
92706915892731904
92381667926351872
98924387897585664
101428194460180480
93409536827854848
92643124052107264
101992331275796480
92911563723386880
93960668197289984
101315943799590915
97248713143099392
96956379297882112
96410979562291200
91772743091105793
95506152313470976
100902012501229568
91900145075105793
95951788217352193
98446576988585984
92700486129553408
97373690815197184
99227803861516288
92786465272119296
101065852761284608
92717757963059200
97079031924666368
94539178125176833
100652144067223552
100653353050193920
93546678673616896
93691733627502593
101671002735521793
102067318368108544
91883894542049281
94509025118519296
100000025580548097
96324653890539521
97827245397254145
101413281792671745
92066368203141120
96092892203978752
94829178528075776
95578608407552000
92494167556636672
93734032189304832
95114160530141185
93808293348257792
89391663738400769
93322370688880641
93270399021887488
93014813629890561
101830130401423360
97129896891006976
98037598789971969
100668166455312385
93697436974985216
93362605669892097
91950032097525760
101758768534138880
92457484513574913
98537413051293697
93784012509818880
97040545645473792
93772952134369280
101016893695082496
101427796009689088
92960965297045504
94828031247515648
93400837157695488
96369935135158272
102352338030837761
96992650850344961
95502045565562880
101389292311556096
91792484321067008
100536116343607296
92280866566455296
93334546715648000
93359167267549184
102182296815276032
92684412923289600
91763608274468864
92453059170537474
101087898002145280
95188303338422272
93983936493010944
93769818116861953
95898503749963777
94502159269363712
98807639470899200
93282854406078464
96575772726263809
99357694883930112
102139053503283200
93736461454688256
91850107737227265
93978341606043648
103207879510724608
96984991245942784
103120046653583360
93794603127410688
93319713035272192
98483906319368192
91794662699974656
96276025083822080
100978916554047488
91871796252512256
92668693426880512
91718858846633984
94142638093115392
100868492621914112
97457198254407681
93729457709383680
101108656782839809
91911670112329728
101329150966640641
97025714552971264
93590697944432640
101020544421478400
91925590256525312
102401405851140096
101841857687977984
101671774474870785
93411155669827584
93502515991166976
93779352625483776
101022789389131776
96116890295992320
91786366156935168
96354439341936640
98068716322951169
102715817497604096
94939136431095808
95128487727349760
92926655382818819
93059420296183808
92370537531183104
94201131856707584
92640767331418113
93291567711916032
96726597469618176
94510033202724865
97027268685213696
97002463147720705
93900949902462977
93726115671183360
96229136179281920
93800424825565184
93750898479730688
92642134204760065
92848660353794049
93378613063327744
91904202460241920
99954453586780161
93526095730716673
92648687725051905
103137083945783296
102441571353509888
93709909803274240
93314053316939776
94456468476137472
100720839560933376
91990712266133504
93671907987177473
94807286882635776
101197985895034880
92339434510495744
95999339016626176
93068195799371776
92407733843800064
95903901823414272
93761496332517376
97725147255029760
93388096204316672
100952607127908353
94401229060452354
94537115605549056
93755852032454656
101224656564006913
92243062956376064
93643033098190848
94441243634962432
93320038605533184
101629780654436352
103158383682650112
102860812347113472
93656691425554432
94115609981358080
97081523962003456
92296192066719744
97574950189281280
101719931342688256
94120019432181760
91921712177889280
92700976489832448
93046856476655616
93456222954594304
92962155711827968
100986702033731584
96008818168832001
92665718839054336
100281661262012416
100529756579176448
93412082602622976
92903880865751040
101725100864315392
92737084858707968
99417126347087872
95069213244399617
92949506081034240
101830185904648192
101389158085435392
100664768217624576
102676754094751744
98776903598620672
92986112385097728
100893609435471872
99660443492171776
92920367005437952
100278686724521984
99113051927752704
97070990114308097
94933692211920896
92999023346196480
96917937746739200
92005575671554048
94084505031282688
91974241561489408
92665834954178560
97794908630425600
92709773694353408
91831958878953472
93374245316472833
95629074516549632
96208102097031168
93339264984686592
94142968830758913
92239851059023872
101304909969899520
93504627751911424
92255387310505985
95647738900922368
93739783553159168
95116008175566849
93098061496188928
93424946474258432
99117732745854976
95235611476234240
98833944732106752
93682069946896386
93479939118084096
99994149322883072
94818647805140993
93065705771122688
101228117317791748
103087658267455488
92714300258529280
92915112100380672
92996947153137664
92268098018754560
96360636384157696
93220037988597760
92591462549700608
93490785810530305
93255899140997120
92934288462454784
102381137401348098
97751607852273664
92434814619226113
96258798611734529
98386993460953088
93279891616837632
94593937909616640
95535998452240384
102411357508485122
93064738422009857
91971607614070784
98501052613140480
103201235800293376
97638606843297793
92822933868773376
92698347529437184
99861223440527360
92856534454906880
95910369452769280
103207560827514880
101245306049544193
91867884598476800
97020744327897088
93208709207031808
91745232634388481
92344889710350336
91681201491943424
102486506131824641
102008853369077761
92794355353530370
92956597957050369
93698197041594368
97439276295397376
93777976876998656
93361488227602432
94845125288665088
91930029465935872
95984772718927873
102181600455958528
92250755318288384
101469932000264193
91961905131950080
93594318094340096
97748876177575937
91957731992420352
92018667830775808
92393496241111040
94429796909596673
96622402867441664
96772240854630400
95072342140653568
91917092294627328
92741631727509504
102306127076786176
94499293989322752
97092676620533761
102019118319943680
98116519757742080
93878998903431168
93573938424184832
92932182913466368
94810610474295297
91899271946846208
92658550811267072
92071020495777792
102319781855772672
92508293959917568
97416715666849792
94484528395071488
94900440759681024
101402127766798336
91750848820031489
91655719782330368
100663944821215232
92929314009522176
94493514397790208
91797766837252097
102460966314311681
92061872118972416
92698931829555200
93030685073350656
100872149539106816
94817261117898753
100662459853053952
98039658222583809
92530370972622848
91744980091150337
95861807780077568
92369414032343040
101635276731981824
96566158613938178
97865728119681024
100852048098111488
93352942912012288
101650719580495872
92645861737246720
94499737323057152
92454111949230080
96976835820269568
92398639233777664
92343411683770368
101775291927625728
102924579508461568
100660000099282944
92622236132966400
93033242663469056
101060972432719872
99124519112949762
102413446699692032
96650493178290176
93525433684983808
98086877143379968
99545215618129921
92265846445051904
99106033695342593
101659761988214784
102384973939605507
93729413014880257
93071762639699968
93158780174471168
100636444078510080
94521161421041664
96984206416158720
98017591959896064
94712452582866944
93398195266265088
100736087588216832
93759987540705280
101708486022397952
101380012988579840
102806874763694080
92637021591453699
94041085575299072
93679596775555072
92804182280634371
98960098117943296
96405737714098176
93719873372426240
92701225673428992
100982604374880256
92718575407742976
92586488394563584
94181439586828288
102796460789211136
100688464466542592
92429091713712128
93525140062748672
94442234325381120
100373381538529280
100862857377353728
93768212558249984
91991421518757888
99642970789261313
97498337636388864
100850428614410241
100691054247944192
92818126454001664
93099856930947072
94429411054583808
103203864634851328
91914783191871488
94213202635788288
92796777496985600
97981764223504384
101260598460940289
95555757415743488
100010138022330368
98041931526971392
95555792912134144
100259039354687488
92650847426707456
99987249726373888
91649388589494272
95640744055939072
101022946017017856
102164276579536896
91912642431688704
93178533135925249
100887955517882368
91653243159064577
92923364871647232
92651400680587264
93400917193404416
92706706273992706
94610076324728833
103005657980084225
93349840049807360
93286712310120448
